<?xml version="1.0"?>
<opencv_storage>
<intrinsic type_id="opencv-matrix">
  <rows>3</rows>
  <cols>3</cols>
  <dt>d</dt>
  <data>
    5.11897658982521e+02 0. 3.165825647196696e+02 0.
    5.081336169143607e+02 1.903117849450484e+02 0. 0. 1.</data></intrinsic>
<distortion type_id="opencv-matrix">
  <rows>1</rows>
  <cols>5</cols>
  <dt>d</dt>
  <data>
    8.7295277725232e-01 -3.915795335526079e+01
    -1.872194795688528e-02 1.353528461095838e-03
    3.000881704739565e+02</data></distortion>
</opencv_storage>
