<?xml version="1.0"?>
<opencv_storage>
<intrinsic type_id="opencv-matrix">
  <rows>3</rows>
  <cols>3</cols>
  <dt>d</dt>
  <data>
    6.6723435140200479e+02 0. 3.5670470487775299e+02 0.
    6.7324741502630775e+02 3.0489069297983343e+02 0. 0. 1.</data></intrinsic>
<distortion type_id="opencv-matrix">
  <rows>1</rows>
  <cols>5</cols>
  <dt>d</dt>
  <data>
    -3.8626763138178316e-01 2.3098698249352680e+00
    -2.3002328297099674e-02 -1.3317205700810915e-02
    -5.8913319829224671e+00</data></distortion>
</opencv_storage>
