%YAML:1.0
---
intrinsic: !!opencv-matrix
   rows: 3
   cols: 3
   dt: d
   data: [ 5.9026004027268868e+02, 0., 3.4840687292755126e+02, 0.,
       5.8829547304781875e+02, 2.2330679928373974e+02, 0., 0., 1. ]
distortion: !!opencv-matrix
   rows: 1
   cols: 5
   dt: d
   data: [ -6.6784672923982560e-02, 2.9214352657461612e-01,
       3.7298543374461430e-03, 1.3858822472624812e-02,
       -9.5576499254014791e-01 ]
