<?xml version="1.0"?>
<opencv_storage>
<intrinsic type_id="opencv-matrix">
  <rows>3</rows>
  <cols>3</cols>
  <dt>d</dt>
  <data>
    5.3960494612266007e+02 0. 3.0930440835340897e+02 0.
    5.3660955762298431e+02 1.6732757876292973e+02 0. 0. 1.</data></intrinsic>
<distortion type_id="opencv-matrix">
  <rows>1</rows>
  <cols>5</cols>
  <dt>d</dt>
  <data>
    -5.4172042360292949e-01 5.1560042922026050e-01
    -4.3565810281528056e-03 -1.9133833256759932e-03
    -3.6163319168548336e-01</data></distortion>
</opencv_storage>
