<?xml version="1.0"?>
<opencv_storage>
<intrinsic type_id="opencv-matrix">
  <rows>3</rows>
  <cols>3</cols>
  <dt>d</dt>
  <data>
    5.9671859122617036e+02 0. 3.4259201496416046e+02 0.
    6.0207843120128598e+02 2.1141553311232303e+02 0. 0. 1.</data></intrinsic>
<distortion type_id="opencv-matrix">
  <rows>1</rows>
  <cols>5</cols>
  <dt>d</dt>
  <data>
    -2.7506890331327272e-01 3.2031082955063397e+00
    -2.2365273772063238e-02 7.8940340740087742e-03
    -9.5285187410938814e+00</data></distortion>
</opencv_storage>
